764 570 805 608
509 304 538 341
67 771 71 798
853 570 883 575
567 806 591 848
375 235 419 257
27 735 29 768
629 715 630 737
446 139 469 166
307 837 354 850
356 283 372 310
912 707 929 752
227 832 268 834
294 243 320 262
111 519 117 556
185 129 231 153
2 95 8 129
152 17 173 61
498 695 499 726
173 731 204 775
182 187 227 211
756 727 768 746
540 607 585 611
0 518 7 532
526 44 534 93
584 882 598 891
800 976 815 986
589 850 639 879
948 412 956 444
176 356 207 358
239 257 261 304
600 117 632 125
426 438 429 478
438 930 484 932
612 552 625 576
24 989 54 998
448 381 483 384
828 828 866 876
375 440 386 445
603 912 643 938
955 211 978 257
898 436 911 449
646 433 692 478
534 617 546 623
192 23 241 68
764 80 791 100
73 813 90 850
160 224 178 234
142 306 180 356
245 98 246 119
385 332 392 341
714 940 760 970
705 315 746 329
682 483 694 510
322 748 352 774
176 799 211 812
619 941 649 945
855 547 897 554
511 765 551 784
782 214 814 220
668 318 674 342
101 585 110 628
298 775 347 778
242 367 271 382
702 788 746 837
7 501 14 526
57 153 72 158
274 271 305 281
168 469 173 506
743 278 744 308
683 826 693 835
967 805 996 819
255 616 293 624
229 511 268 544
83 171 133 189
796 449 839 461
913 573 939 620
553 75 587 76
238 579 270 593
190 534 220 544
179 910 186 942
469 460 473 489
126 892 167 936
343 540 393 574
424 195 471 208
983 419 985 453
850 305 897 326
689 268 714 294
540 184 560 224
648 355 670 372
603 308 622 346
462 680 509 694
215 68 261 76
1 735 19 781
241 678 284 689
916 75 927 106
794 961 809 965
131 841 151 842
24 68 32 87
56 31 60 81
404 567 419 569
61 525 103 545
374 280 396 302
924 288 971 324
325 851 368 891
380 150 390 188
535 487 582 522
81 283 118 305
500 122 531 143
110 135 133 147
49 877 84 919
627 481 642 530
888 399 919 424
820 190 864 203
366 940 375 958
631 555 637 582
363 903 374 940
233 876 266 885
203 914 220 934
547 558 579 600
271 548 295 594
543 809 553 815
791 495 807 510
96 829 125 830
274 53 316 103
779 466 815 484
293 294 334 315
650 888 663 927
187 893 190 932
703 898 727 913
555 918 597 936
396 307 437 355
354 707 387 722
850 209 898 257
174 476 200 479
208 392 219 436
363 504 384 540
984 268 989 286
428 51 460 59
893 901 930 923
677 720 705 752
226 437 269 480
280 124 319 143
803 691 807 741
33 104 44 124
760 30 803 47
234 215 268 239
826 493 854 531
93 409 111 451
391 763 427 790
716 201 754 250
510 4 545 31
755 105 777 129
724 739 735 759
511 384 561 433
242 667 283 677
944 768 971 780
427 283 449 297
769 372 773 396
248 90 267 118
757 765 778 777
782 796 814 843
107 574 131 580
426 891 474 897
177 257 199 306
697 571 718 578
541 453 548 456
2 962 34 977
365 733 380 769
756 429 770 445
42 2 48 19
856 916 889 937
797 304 847 316
588 656 613 694
18 419 36 427
317 331 337 351
898 541 933 544
567 407 613 435
479 231 528 266
783 180 820 186
32 50 53 79
611 78 631 98
493 452 516 460
663 332 666 346
951 878 974 918
872 812 884 851
825 621 848 648
958 43 961 66
768 924 814 949
999 462 1000 485
746 134 756 178
19 435 22 474
950 920 957 952
343 954 355 983
90 49 136 66
61 758 78 767
29 696 72 727
693 549 726 567
282 345 308 389
195 599 224 631
734 634 741 644
594 228 602 236
885 491 903 511
117 769 132 780
278 419 322 443
701 426 732 427
509 709 525 739
963 537 975 564
173 563 207 576
218 108 221 128
239 744 274 756
132 198 142 221
307 784 317 809
247 939 265 976
875 176 916 204
90 664 140 688
900 963 919 973
574 639 593 654
84 603 92 648
357 597 385 604
629 303 672 310
468 70 483 101
96 912 113 944
781 533 803 547
688 647 715 696
602 753 621 782
408 850 451 890
299 963 308 997
511 870 539 912
497 650 505 678
750 418 760 419
715 486 733 532
23 784 31 820
356 785 390 793
795 54 809 103
977 498 978 531
123 713 130 750
217 738 221 764
932 706 952 731
265 162 269 202
916 866 965 872
475 530 477 543
544 551 593 554
839 85 876 122
838 552 854 565
372 303 395 320
710 0 740 4
947 340 991 377
23 572 46 607
482 511 507 534
598 29 629 40
715 33 723 48
660 258 664 303
636 954 677 996
437 631 462 649
375 956 409 994
685 586 705 591
777 388 781 411
835 764 841 802
946 602 956 621
282 316 326 327
32 756 59 768
751 879 753 911
307 456 351 501
656 533 668 542
313 159 340 196
346 933 358 954
101 115 102 161
13 891 34 898
508 274 527 298
430 255 464 267
308 988 309 989
513 803 517 830
586 139 620 145
883 20 912 55
188 334 219 335
132 80 165 97
778 319 816 361
717 711 746 730
38 972 73 976
375 673 418 680
576 150 598 190
234 654 277 656
855 957 857 998
49 312 85 359
966 412 969 455
727 356 742 390
187 68 202 98
625 373 654 421
731 857 756 878
396 220 408 233
479 577 515 614
708 393 732 417
365 369 398 370
473 424 503 440
369 833 379 861
726 670 760 686
365 277 403 279
664 561 667 564
404 480 432 498
442 781 492 813
387 88 430 124
349 722 350 748
18 205 40 237
155 781 164 800
226 908 228 926
658 609 660 655
286 148 295 154
281 901 331 922
439 728 449 731
82 549 99 569
659 200 678 238
355 647 368 696
757 650 782 655
320 229 360 277
197 697 222 718
975 168 976 199
889 756 894 775
913 122 935 146
817 902 819 930
3 307 36 339
815 26 835 66
192 585 193 616
140 152 156 166
984 291 994 337
30 685 62 687
687 887 699 921
9 590 16 601
526 458 562 473
731 189 749 190
646 96 685 109
453 723 454 758
545 899 591 905
430 573 457 597
785 650 794 683
100 857 124 902
450 0 455 2
646 120 696 130
139 554 166 573
596 964 625 996
393 162 394 174
178 826 208 836
967 86 971 101
284 937 323 960
612 265 651 297
192 633 220 650
894 115 913 133
965 42 988 57
661 814 682 838
620 650 636 658
558 873 564 877
436 818 439 826
599 381 609 394
138 819 177 838
305 678 343 713
658 765 674 769
259 699 286 726
140 788 155 798
72 190 88 215
748 379 751 402
830 351 870 379
218 7 220 10
351 182 369 214
391 694 410 704
716 730 722 770
99 363 136 400
415 611 463 629
145 488 162 496
871 25 876 47
779 362 814 377
450 902 484 918
523 951 569 966
420 283 421 291
295 648 338 658
120 67 131 114
926 825 934 865
332 926 339 929
667 923 705 948
689 393 707 398
528 668 532 704
749 799 751 836
538 236 544 242
796 778 819 795
196 942 212 984
207 651 229 693
984 694 998 707
533 250 536 254
58 6 104 25
93 335 140 355
507 89 522 110
898 872 920 879
642 131 680 159
859 647 901 672
641 607 653 633
540 230 555 234
848 379 872 381
646 784 670 805
266 7 311 26
318 608 356 628
553 777 562 823
948 823 960 830
563 361 605 371
408 899 424 903
627 182 653 208
454 721 480 728
856 474 860 508
483 744 506 780
897 99 900 112
932 378 936 413
688 419 697 421
176 646 190 654
772 52 790 74
754 978 785 981
350 16 369 50
647 558 657 597
796 655 823 666
643 692 687 709
944 552 956 553
372 44 421 81
481 464 522 478
432 105 446 128
16 676 24 689
211 483 257 509
801 104 804 135
39 979 45 984
358 58 367 103
423 167 424 204
779 4 818 15
486 45 493 51
669 36 694 67
759 803 781 852
61 234 67 272
51 408 70 435
91 779 117 782
925 638 950 679
517 542 523 552
131 238 166 266
923 881 924 886
429 157 432 181
917 549 926 573
445 698 452 709
119 302 130 307
538 54 548 63
90 799 134 800
122 458 144 470
449 446 465 490
314 883 318 901
632 583 633 626
441 331 486 346
244 306 263 353
96 27 135 42
37 644 69 666
262 849 278 851
544 117 562 166
278 746 306 762
786 405 836 418
955 705 961 711
946 780 960 799
476 822 499 832
959 831 988 838
686 69 711 115
251 393 256 422
368 644 386 653
139 424 158 449
639 245 658 265
540 544 559 547
828 692 876 704
817 561 832 588
34 644 36 673
214 768 218 813
865 149 866 163
959 594 990 630
459 495 481 514
937 86 951 95
976 720 980 747
151 871 177 880
828 742 834 744
614 229 637 230
26 362 58 408
400 579 422 580
895 726 911 745
493 165 526 183
360 382 367 391
769 194 782 213
110 958 128 982
58 176 64 191
104 569 134 570
474 254 478 256
375 395 376 397
638 210 656 239
303 530 321 532
725 343 734 344
244 815 294 817
911 260 937 288
754 612 791 647
843 390 877 413
131 74 156 75
887 147 893 159
219 866 254 871
319 93 347 95
813 599 816 643
155 980 194 1000
980 909 983 944
754 987 804 995
948 132 986 150
640 348 645 356
545 931 554 932
720 579 760 584
826 713 868 738
659 655 664 657
688 979 721 1000
134 173 178 196
923 5 949 36
882 286 901 304
724 304 730 309
561 291 603 339
686 191 705 194
715 91 729 94
582 483 616 529
187 443 204 463
220 935 267 938
33 642 69 643
410 181 420 195
895 961 899 1000
782 275 811 283
158 669 164 704
515 349 526 359
398 504 403 544
43 45 50 49
905 653 917 677
0 243 16 286
56 194 59 201
423 954 444 967
643 499 649 524
588 743 613 750
10 27 19 46
521 832 564 846
6 545 13 562
40 458 42 499
647 8 659 14
284 536 327 546
891 784 921 790
89 107 91 109
645 605 648 606
220 722 250 736
440 542 470 553
638 807 641 837
477 835 517 866
756 691 764 703
787 258 825 268
268 36 270 80
149 638 163 643
627 470 637 478
312 395 342 419
414 522 434 562
337 803 369 813
77 261 108 283
577 12 604 29
300 922 301 930
510 641 523 647
160 377 187 423
575 960 596 969
723 97 735 107
98 985 139 993
64 547 68 578
559 76 565 77
756 864 806 887
256 123 274 131
867 442 875 468
378 393 401 420
988 25 990 32
687 298 715 302
93 927 95 977
675 317 703 331
922 147 934 153
842 7 847 28
537 648 559 657
59 475 108 490
518 367 544 369
957 73 967 74
706 154 713 174
35 300 70 303
290 166 300 204
92 645 108 661
693 440 709 452
551 88 599 99
875 452 879 492
440 305 456 313
509 478 533 488
360 452 399 462
237 948 239 956
207 314 240 333
431 152 435 154
245 391 249 411
898 803 947 815
452 848 474 873
813 89 830 117
155 454 183 456
917 42 957 51
52 17 56 36
752 282 759 307
635 77 646 112
1 660 11 704
196 580 221 583
887 815 908 848
464 212 473 223
309 597 311 625
670 254 709 259
701 399 706 403
526 590 542 602
437 410 446 455
525 741 535 763
864 619 884 627
510 37 516 80
432 726 437 735
341 137 363 172
698 34 705 59
608 825 624 847
685 950 707 951
132 649 167 663
243 767 283 772
881 706 883 726
322 582 332 599
922 177 960 195
66 52 85 66
868 514 870 516
869 280 905 282
903 325 941 347
330 727 349 737
425 14 434 40
270 470 282 498
491 630 497 655
890 354 917 381
108 231 125 244
799 288 800 298
946 105 974 110
182 13 185 51
962 377 981 409
276 779 309 781
147 99 165 147
713 103 723 114
403 655 428 671
541 522 580 537
445 521 450 528
906 207 924 255
964 166 975 197
492 187 534 206
80 744 89 745
384 806 434 829
201 493 205 529
463 951 486 989
699 468 742 470
677 774 692 804
376 465 424 478
273 822 291 833
713 140 742 151
661 416 674 425
765 145 767 177
633 713 637 734
957 974 971 983
563 219 608 223
936 496 942 540
330 30 333 67
878 72 916 89
752 450 776 475
264 896 305 900
4 828 10 835
918 977 954 993
893 748 894 752
885 959 893 995
456 10 462 51
575 243 607 275
205 366 230 380
459 716 492 718
982 466 994 492
265 407 289 413
426 833 446 848
819 920 851 962
833 752 876 760
536 190 537 238
806 293 845 304
645 663 659 672
755 225 785 268
571 965 573 978
3 173 19 183
481 376 486 378
126 266 171 291
680 370 722 386
845 798 880 801
290 493 302 507
92 492 125 497
470 614 477 642
513 662 521 669
26 98 30 136
724 344 750 346
866 875 888 909
470 645 485 675
21 881 27 883
172 81 174 96
736 746 769 765
560 6 574 43
41 515 45 549
19 850 56 856
58 233 70 234
48 436 50 485
808 150 849 173
668 581 669 628
517 610 522 623
313 989 336 995
49 808 57 845
225 840 233 849
272 800 273 815
940 540 954 548
386 5 408 42
728 4 733 34
545 358 555 367
511 494 531 513
972 7 976 22
495 24 508 70
115 420 136 457
583 600 598 604
398 427 410 449
34 609 65 627
861 131 886 136
628 315 633 325
10 433 14 480
77 87 82 115
569 940 607 954
888 463 902 464
49 926 91 949
782 197 804 198
562 235 567 269
588 559 603 561
933 973 961 974
191 249 232 253
143 695 155 727
312 727 321 766
569 67 619 69
518 981 558 997
487 340 494 358
535 700 553 713
915 447 955 464
58 532 59 541
457 515 465 535
2 898 15 946
746 981 768 986
967 920 971 936
410 980 439 982
376 211 377 220
344 113 359 127
81 224 85 241
392 182 409 217
597 450 643 469
435 176 471 193
733 46 755 73
761 953 773 977
402 705 418 739
314 714 340 717
250 40 255 56
45 88 51 110
418 747 450 750
81 784 100 789
530 3 541 4
481 175 482 214
67 461 91 466
697 119 737 137
611 616 630 634
967 659 998 689
563 349 587 354
405 168 422 174
73 120 75 162
335 658 351 672
775 921 802 924
314 22 332 23
552 677 587 686
454 734 461 740
691 973 734 979
908 466 929 515
565 910 601 915
301 823 303 866
271 199 286 201
818 420 847 443
976 692 982 709
136 33 141 47
259 784 264 794
986 919 995 957
48 122 69 143
974 57 991 95
498 949 502 984
865 997 885 998
986 494 989 511
755 568 773 569
453 282 496 302
884 514 905 519
497 937 538 947
553 717 602 743
746 425 756 432
855 589 859 636
407 404 423 424
508 624 555 628
579 579 621 588
466 346 484 362
229 703 249 704
157 202 172 207
867 519 878 534
877 141 887 153
378 429 381 437
915 55 936 62
761 707 774 710
995 83 999 130
763 283 775 323
88 34 89 45
93 73 119 90
703 483 718 484
211 358 247 363
359 727 365 772
111 310 121 324
513 653 516 660
368 584 411 589
112 750 162 762
91 201 102 246
164 157 213 162
946 206 972 211
139 968 148 985
193 169 195 180
368 581 418 582
755 489 775 493
831 272 862 293
499 885 504 901
218 803 231 807
726 590 729 619
236 354 256 355
7 351 13 359
68 861 97 865
981 408 985 412
879 393 925 395
916 768 938 782
757 188 768 214
831 781 834 806
74 704 89 707
972 261 983 300
100 98 107 107
770 892 794 918
495 478 507 481
295 666 296 701
222 955 237 975
749 529 772 567
599 646 619 656
849 13 853 17
918 790 936 797
743 417 750 424
54 952 75 966
816 76 852 83
619 508 624 540
94 355 140 358
779 717 788 718
683 184 716 189
732 890 749 923
423 210 434 246
111 208 121 210
853 450 856 491
418 148 425 154
904 315 918 316
349 639 377 640
347 705 351 709
236 776 262 783
323 445 328 452
137 473 139 517
899 690 943 702
735 18 755 22
693 145 699 147
934 881 935 884
213 980 221 1000
688 202 713 232
747 780 785 782
715 339 723 340
677 264 680 298
477 136 488 165
49 733 50 736
490 159 524 161
642 840 661 850
679 851 694 852
793 552 797 565
418 358 453 359
681 853 698 857
640 46 668 71
463 750 482 762
275 229 290 241
478 29 485 60
407 754 419 755
28 676 45 681
305 553 308 565
548 633 567 640
40 212 46 232
74 688 95 691
250 143 256 190
119 593 137 628
1 133 9 157
411 593 429 602
136 644 152 646
467 110 471 111
303 518 317 529
696 596 710 618
618 785 633 798
977 537 996 556
207 68 208 82
565 273 575 289
309 343 312 367
72 546 77 572
363 417 367 441
979 841 992 888
634 672 652 688
101 504 104 521
416 374 438 398
811 395 834 403
988 735 997 778
31 771 59 776
60 791 63 826
389 145 434 148
958 529 961 540
32 468 38 510
171 610 180 637
316 815 318 829
220 164 237 170
517 978 544 979
286 684 292 714
909 687 910 690
125 515 136 522
655 190 663 193
633 770 671 774
769 523 808 527
252 763 290 766
523 823 561 828
998 600 1000 624
67 612 80 613
925 528 930 541
11 2 34 12
491 76 497 105
39 316 40 331
705 857 723 863
529 438 537 442
848 747 858 749
551 755 589 775
989 139 998 183
218 257 236 263
237 897 253 902
610 183 622 211
382 795 388 802
309 961 318 970
351 478 353 523
582 125 605 133
411 680 458 684
800 136 826 137
894 6 898 9
955 500 967 512
228 918 262 919
415 908 447 914
862 777 866 791
581 882 584 891
839 966 848 992
845 657 854 687
0 841 1 843
395 944 416 952
408 935 442 941
112 7 119 17
49 736 75 750
604 711 629 721
298 217 335 219
119 780 126 795
651 421 656 427
208 256 215 262
137 602 145 641
269 207 294 211
565 782 611 803
59 490 60 533
197 553 207 559
827 811 854 824
351 52 352 74
466 309 502 317
860 937 885 953
830 652 841 671
202 899 215 914
656 16 704 31
255 859 282 865
442 758 463 773
715 847 756 854
629 159 666 174
12 696 22 710
246 980 264 995
2 360 3 401
826 704 833 705
33 937 45 948
908 427 939 430
1 577 6 586
639 864 656 868
716 437 737 468
598 834 603 848
550 878 569 882
875 436 889 438
251 596 252 637
135 114 143 143
520 59 526 71
708 624 718 640
757 142 786 144
201 300 204 324
815 744 837 751
562 168 563 213
605 699 621 700
234 807 266 808
486 23 490 36
3 369 19 391
934 467 950 476
817 673 818 722
852 134 861 151
344 364 361 368
552 321 555 348
407 365 411 383
861 331 892 337
390 154 391 191
681 964 684 975
668 540 684 562
667 0 689 7
832 581 846 590
769 504 788 519
476 878 489 899
395 711 397 752
354 468 366 481
410 926 454 930
750 520 751 523
946 508 948 534
870 741 892 747
489 561 515 570
886 382 920 387
794 896 804 916
75 998 103 1000
10 837 11 852
906 565 908 579
305 199 314 217
760 855 770 858
534 564 539 582
972 316 984 331
167 951 194 963
649 493 653 499
241 952 244 972
573 624 578 639
971 646 990 653
11 829 42 850
660 406 705 407
542 105 588 117
920 958 959 966
470 259 476 268
531 154 537 185
169 441 202 443
96 844 120 849
1 409 9 441
668 901 684 921
208 856 211 899
107 831 109 844
441 79 462 93
617 501 621 502
180 224 188 254
742 436 748 483
635 711 641 712
874 413 876 430
729 584 762 595
441 13 454 47
575 47 577 53
145 671 153 675
616 685 630 690
772 484 816 487
727 156 740 159
339 21 341 58
521 784 527 795
18 258 32 259
254 789 255 805
434 235 452 236
154 372 156 409
584 457 592 461
352 585 364 591
276 795 280 803
285 856 288 882
949 383 961 399
893 600 908 615
952 672 962 692
876 673 878 707
273 452 279 460
527 531 534 561
64 671 73 672
378 943 394 956
940 569 969 578
938 269 948 280
933 235 950 259
731 296 742 297
763 148 764 150
388 638 403 654
435 531 440 566
617 378 621 389
486 388 500 407
802 427 804 431
723 255 741 267
379 853 405 874
428 67 454 75
166 723 169 765
997 183 999 200
936 732 962 758
823 503 824 536
41 258 54 292
405 134 409 139
497 354 498 365
141 847 151 881
305 109 309 124
451 826 468 832
723 74 725 77
950 124 964 131
584 199 602 216
771 749 781 755
127 809 161 818
607 543 654 552
481 411 487 419
982 775 986 803
667 488 680 509
911 931 938 953
70 98 73 120
85 320 91 353
851 59 860 62
588 955 605 956
288 642 292 652
200 374 202 375
365 623 408 630
58 556 59 574
849 34 866 47
132 14 159 17
854 172 864 188
505 81 507 103
445 997 486 998
988 382 990 423
173 717 181 728
603 98 627 117
210 584 218 595
171 358 173 365
181 490 193 513
666 266 669 282
295 735 311 739
685 601 692 605
381 497 394 499
55 273 74 294
469 398 472 433
18 615 31 653
67 690 70 693
467 439 470 441
93 693 121 723
339 594 342 608
348 830 364 835
138 536 160 548
328 47 330 81
965 796 982 797
237 704 242 719
680 480 727 482
176 671 202 695
618 880 637 898
860 964 875 975
112 789 115 790
635 2 665 8
230 907 232 909
116 910 120 911
826 385 838 388
948 854 966 859
349 388 354 396
916 297 919 313
751 375 764 397
800 965 823 966
199 277 213 289
239 622 249 650
834 119 837 122
941 52 944 85
845 232 846 254
356 316 361 334
146 591 155 627
367 329 381 330
723 267 738 280
327 634 346 645
570 263 572 272
939 418 940 442
863 55 864 60
871 363 873 377
848 761 853 797
8 612 11 616
238 555 263 577
534 933 539 936
909 89 915 106
603 615 608 626
570 873 586 881
641 872 661 886
340 425 353 434
718 620 729 655
306 451 314 454
682 296 729 298
820 977 829 980
800 220 845 253
477 817 484 820
405 644 427 649
153 587 179 590
34 156 43 205
522 271 566 272
911 154 933 176
240 607 246 610
976 565 980 588
433 760 437 785
84 878 94 914
330 107 339 115
596 530 598 535
676 249 677 254
580 462 592 478
378 106 385 114
114 940 142 950
74 396 84 442
988 230 993 254
193 222 209 239
522 562 525 604
508 357 511 358
610 127 615 129
443 976 453 995
879 115 893 126
880 759 889 805
340 366 341 389
382 192 386 201
13 135 21 152
680 867 714 873
21 780 46 784
974 707 976 723
65 967 83 971
529 815 546 823
74 653 76 687
1 68 4 93
808 191 811 209
418 702 426 729
507 952 522 967
943 440 948 441
0 720 22 729
806 865 825 881
599 46 606 64
649 81 656 82
733 486 739 518
788 685 815 686
17 797 21 798
190 589 191 632
970 719 972 725
791 746 811 755
673 177 718 181
980 944 984 950
797 852 808 863
3 625 10 647
822 502 823 522
362 575 409 577
794 611 810 645
490 105 499 146
80 366 91 373
78 115 83 154
827 596 841 600
266 393 305 407
779 110 800 139
845 341 895 344
44 465 47 471
108 850 140 856
174 211 202 214
567 136 583 145
22 738 26 742
44 874 49 882
171 907 177 917
259 2 266 44
227 12 251 21
78 920 88 922
689 511 697 534
360 816 365 819
255 602 304 603
265 131 279 150
0 457 10 461
581 441 592 451
890 582 901 600
574 32 595 46
234 106 238 151
369 123 372 164
224 573 233 584
717 484 764 486
579 588 628 597
607 729 608 731
24 497 28 526
899 866 904 868
447 124 460 128
576 987 593 1000
354 353 383 354
221 511 225 542
168 126 175 152
27 264 31 279
274 626 277 654
61 31 65 56
935 879 951 889
705 722 707 764
387 635 388 640
193 845 197 851
633 356 641 359
45 912 48 950
268 993 271 994
488 915 516 937
386 839 404 848
956 819 982 821
822 375 824 383
284 683 285 687
202 83 206 102
515 672 527 698
96 906 114 912
699 964 708 970
793 57 794 94
457 944 460 953
593 473 625 478
974 985 981 992
538 87 550 91
753 709 756 727
961 484 963 491
805 602 809 611
310 37 327 45
409 836 413 846
384 750 390 781
91 189 97 192
63 851 85 857
8 88 14 104
732 605 733 609
643 862 684 864
899 863 902 864
327 818 329 823
766 328 777 329
779 19 791 29
192 480 210 483
694 152 703 160
725 25 726 28
988 563 989 592
849 228 850 233
379 82 385 97
413 291 420 302
843 612 850 619
234 890 263 897
706 38 708 67
348 793 374 799
277 788 297 792
711 419 741 421
435 430 436 471
905 985 909 999
899 721 907 725
565 617 596 622
686 212 687 218
469 695 490 708
814 558 828 559
346 894 360 924
938 356 946 372
482 614 492 623
5 789 7 815
44 178 55 192
372 345 384 348
867 383 879 386
486 320 497 326
242 160 246 161
825 208 846 215
522 103 524 122
339 583 352 586
53 82 58 115
700 499 708 528
22 20 28 43
281 112 289 115
128 471 129 477
268 334 306 345
564 446 574 456
933 200 935 213
169 724 170 732
858 673 871 686
374 681 400 692
589 145 600 146
718 656 726 667
803 384 840 385
876 22 882 30
186 634 192 643
31 553 37 556
67 495 87 501
719 567 751 568
384 215 392 230
176 698 190 706
221 397 238 407
339 434 357 448
231 418 247 427
118 936 141 937
559 320 560 356
849 801 854 806
819 906 840 918
665 510 687 524
58 977 108 983
868 4 889 5
146 390 148 394
983 174 984 204
437 471 438 491
230 858 250 859
779 528 816 530
165 141 168 153
783 379 804 381
49 204 67 218
947 952 963 955
917 620 923 634
510 375 560 378
294 612 296 648
267 910 274 925
971 467 979 488
307 285 311 294
818 468 849 485
63 25 80 30
690 951 707 961
85 652 87 657
562 778 564 802
885 681 890 693
533 295 557 296
52 458 61 465
950 37 963 39
38 891 44 931
914 65 925 72
332 952 334 977
205 383 208 385
443 319 465 321
779 269 827 271
156 364 167 365
899 143 901 154
541 33 560 50
84 388 86 404
737 92 749 131
563 161 571 184
434 85 435 93
147 521 155 527
730 982 744 989
431 109 432 141
370 653 380 663
478 540 501 561
683 134 688 146
896 262 901 268
315 551 343 576
657 525 682 532
823 324 830 349
503 277 505 293
404 535 408 565
133 0 136 14
774 888 813 892
379 874 388 920
270 283 281 333
286 796 297 813
544 261 562 264
189 813 201 818
147 635 149 636
603 211 630 212
204 303 219 312
338 303 341 313
805 432 809 439
92 93 93 134
367 67 369 83
27 148 33 152
684 590 685 639
243 255 265 257
234 173 244 214
537 160 540 207
215 117 216 123
646 71 649 93
453 369 494 374
457 589 459 604
297 158 340 159
660 779 661 780
169 602 186 603
499 102 502 111
231 794 251 797
416 990 425 997
203 402 208 437
693 350 732 352
674 649 678 680
935 903 943 912
423 247 434 249
699 882 705 893
893 706 895 727
862 504 878 508
562 388 598 401
519 33 525 38
818 122 819 128
923 632 935 634
120 951 127 952
375 149 405 150
342 990 370 994
965 127 974 128
205 112 214 116
707 145 711 152
640 748 658 769
171 671 173 719
560 850 573 864
364 267 367 268
788 298 790 301
253 730 303 732
7 184 10 198
398 727 402 735
503 351 508 380
755 371 764 374
10 50 29 54
543 598 545 600
409 517 413 526
98 723 111 734
193 348 225 355
539 787 541 812
296 692 302 730
305 332 307 334
674 888 675 895
940 151 972 154
186 12 187 29
459 565 479 600
491 210 512 222
220 380 221 383
223 758 233 794
468 7 479 16
348 75 349 111
175 848 191 860
549 19 551 22
533 274 563 286
363 220 377 233
462 98 467 115
630 778 659 780
640 573 644 578
53 483 57 509
913 830 921 832
881 94 889 109
441 975 451 976
677 387 717 393
82 578 83 600
712 772 747 782
438 364 443 370
406 604 408 621
574 202 582 211
117 485 129 487
135 730 142 750
19 179 27 199
80 248 113 252
421 256 425 287
392 355 409 357
86 80 93 91
392 922 398 933
834 879 844 905
281 311 286 315
389 129 394 130
16 509 22 548
85 583 86 586
907 893 950 895
474 216 477 242
175 359 195 365
684 259 702 264
316 382 325 395
169 517 170 545
577 660 583 676
760 788 761 794
177 117 194 129
620 726 622 728
937 277 938 279
551 657 573 673
47 954 51 957
622 298 635 303
495 902 506 907
644 481 661 491
88 376 94 382
172 533 190 560
907 255 924 258
385 508 393 527
227 982 245 994
550 641 556 647
893 449 906 457
549 100 561 105
413 635 416 642
953 479 955 501
118 647 163 648
643 726 671 744
274 900 280 920
228 829 252 832
438 475 443 499
85 92 91 103
718 7 720 27
576 541 606 550
170 660 171 701
477 274 501 282
195 166 209 180
21 124 26 141
862 597 868 613
855 48 860 52
498 362 501 364
228 741 248 744
489 722 492 735
549 882 567 886
595 813 623 824
267 611 294 616
443 998 484 1000
777 309 796 310
886 601 889 617
805 554 814 598
589 346 598 349
680 9 713 13
578 59 599 62
16 431 51 432
613 400 623 423
0 981 8 996
6 465 7 478
702 477 715 480
469 115 474 165
693 840 738 847
42 471 46 479
956 448 966 479
446 236 460 247
203 154 208 156
172 813 181 819
541 302 545 331
317 513 346 520
3 157 15 173
795 917 806 918
300 104 332 105
403 501 449 513
628 332 661 348
254 930 264 932
995 456 999 459
313 600 316 633
890 924 910 956
745 499 749 509
772 555 776 564
110 162 135 170
661 71 680 75
94 815 95 856
549 743 566 744
99 663 106 664
362 630 363 633
141 340 142 372
228 827 233 829
877 5 892 20
296 332 304 334
116 508 136 511
962 719 969 754
643 25 653 40
167 431 168 443
487 490 505 506
26 537 36 547
87 491 97 492
327 383 339 393
47 634 73 635
89 712 92 762
472 19 499 22
745 735 753 741
1 482 32 493
502 403 505 422
653 617 657 651
89 66 97 68
219 813 265 814
523 0 552 2
816 626 819 631
135 225 148 226
678 572 680 602
736 330 762 339
425 42 431 47
517 435 551 437
415 570 433 572
984 5 992 8
730 80 754 84
558 703 602 710
165 101 167 113
941 326 961 328
953 32 1000 34
312 222 317 241
995 488 996 507
214 235 228 240
285 604 306 607
448 949 453 952
77 797 102 798
280 911 281 949
518 143 526 159
567 48 573 49
547 2 548 10
983 204 987 237
859 876 864 904
834 967 836 992
272 45 312 49
876 344 899 346
840 453 853 461
277 945 278 977
440 604 460 609
316 78 317 91
814 389 829 392
859 414 870 426
346 99 348 109
106 193 116 205
982 202 983 213
271 781 283 782
230 664 239 667
114 121 126 124
605 731 622 740
950 0 962 12
262 851 298 853
373 261 402 263
99 312 101 328
100 742 107 763
959 838 968 851
364 698 377 707
265 645 273 653
913 438 915 452
790 738 791 773
807 174 845 176
748 310 758 312
435 659 468 664
555 290 559 294
72 70 73 83
769 160 806 163
785 687 789 701
622 708 628 710
457 401 462 443
401 918 448 920
965 829 989 830
474 302 480 303
468 993 511 997
613 146 618 148
142 3 173 6
876 361 883 363
408 40 421 43
754 927 759 933
992 822 998 860
430 279 444 282
88 965 90 970
860 625 862 628
202 391 235 392
487 70 488 90
111 587 137 589
757 890 766 907
140 485 144 497
236 376 237 386
609 236 616 264
550 539 569 544
193 874 198 920
837 25 840 66
336 134 341 142
925 753 931 760
10 797 11 808
862 557 892 563
688 146 690 169
757 397 767 411
286 111 293 112
26 869 33 873
676 922 709 923
891 638 900 645
878 583 885 616
424 405 425 417
369 663 371 694
721 874 722 898
398 883 400 895
545 437 548 440
933 508 936 516
107 820 118 827
777 662 784 685
291 978 293 999
554 969 571 971
220 77 233 78
177 423 181 428
317 532 323 536
176 5 178 7
341 304 353 315
665 666 671 672
660 549 664 576
18 901 36 930
234 553 267 554
741 881 750 889
486 484 506 485
304 410 309 414
361 963 370 965
375 34 380 35
602 148 628 152
190 775 197 781
315 211 349 217
32 90 38 94
659 182 672 189
727 183 743 185
83 451 95 456
663 410 685 414
59 594 61 597
225 745 235 758
885 586 886 612
105 207 111 219
190 391 201 400
992 257 1000 286
784 520 794 521
419 921 430 926
504 110 514 121
410 905 421 908
383 481 386 492
664 755 689 757
235 617 237 628
245 304 254 305
146 943 150 966
792 962 793 973
121 499 131 503
45 534 58 542
188 367 200 390
671 160 674 162
841 29 843 54
74 74 78 82
279 510 301 535
116 415 138 417
259 384 261 422
49 578 57 581
952 167 954 174
490 986 511 991
938 208 946 232
869 853 890 873
318 81 332 85
452 254 464 255
327 352 353 361
391 669 394 671
945 72 950 77
865 178 869 184
983 910 985 933
107 806 121 814
981 239 983 247
853 156 861 161
932 104 963 105
496 329 504 348
301 663 329 671
918 681 942 688
523 97 536 102
271 36 294 43
792 386 794 392
334 301 335 302
299 805 305 821
783 492 789 503
761 343 771 344
17 272 24 279
117 148 141 150
280 962 286 999
680 201 684 211
443 347 457 353
242 139 251 143
324 129 333 132
769 337 777 340
576 959 601 960
23 71 24 98
975 915 977 926
356 493 373 500
956 610 957 624
828 536 868 541
25 449 36 467
602 893 611 907
0 348 29 351
881 368 882 388
756 94 761 100
60 73 65 95
594 638 635 639
71 234 74 245
731 610 735 630
906 580 913 594
678 234 704 243
906 10 910 15
592 113 596 117
125 536 128 561
661 484 677 485
143 807 166 808
717 359 721 364
695 331 703 348
756 13 765 19
707 926 722 929
917 367 923 369
302 922 321 934
289 283 291 303
802 668 813 684
783 968 792 976
70 589 81 600
925 203 927 237
563 146 572 151
650 711 668 726
212 783 213 806
398 739 401 747
152 852 156 871
897 763 909 777
348 673 353 688
64 517 89 523
837 682 839 684
728 39 732 70
104 514 110 516
832 183 849 186
963 516 973 534
102 114 110 152
338 3 342 15
878 674 879 696
470 455 480 459
79 217 80 257
254 58 261 65
8 707 11 711
514 967 524 970
689 698 717 703
437 715 438 733
135 167 160 170
632 17 638 32
147 28 152 70
469 646 470 650
947 82 962 85
835 15 836 43
201 790 206 799
426 2 431 10
908 645 922 650
214 90 248 95
495 207 518 208
775 274 779 282
377 874 378 881
996 911 998 960
162 965 179 979
444 904 445 906
323 783 329 804
220 344 239 345
544 267 556 268
628 806 632 821
202 718 225 721
212 849 214 854
274 425 276 428
525 634 547 648
238 148 241 169
275 891 286 893
895 148 899 153
561 435 575 443
888 882 896 894
492 481 499 482
987 783 997 789
619 50 631 54
970 463 978 466
934 563 946 569
743 529 749 559
929 372 930 411
137 770 152 781
864 13 865 28
999 501 1000 541
925 251 930 254
444 399 452 407
526 31 538 40
486 667 488 671
756 503 759 515
213 755 214 757
624 361 628 365
916 2 950 3
134 768 135 775
368 772 370 775
162 372 177 374
413 137 415 144
12 664 24 665
950 655 965 667
903 487 906 505
839 744 848 752
44 163 61 175
358 380 359 388
831 130 833 147
885 521 906 537
637 884 641 902
419 736 426 739
680 265 689 286
130 302 131 306
418 11 420 32
811 191 815 192
821 815 822 839
272 437 277 443
213 873 217 898
409 359 437 362
516 541 523 542
491 891 498 902
766 350 775 365
83 801 113 805
614 70 622 72
655 403 688 406
987 135 991 137
8 104 23 120
997 355 998 363
357 396 371 397
80 572 99 578
741 700 743 707
481 928 487 929
606 363 623 364
970 410 976 452
261 386 264 388
48 222 50 249
622 482 627 499
261 295 270 304
322 740 328 744
191 333 231 334
618 235 630 252
821 980 823 999
182 623 183 643
176 775 179 788
709 431 710 441
747 7 772 9
542 938 560 944
616 663 627 681
414 440 415 446
349 643 352 652
657 378 671 395
747 255 750 264
370 866 371 874
674 353 687 361
943 760 974 764
528 222 532 249
634 980 635 983
92 636 103 640
255 836 261 849
555 238 558 259
475 832 503 833
1 288 30 298
292 740 296 741
106 502 107 506
400 160 402 168
508 519 522 534
347 398 358 416
170 923 177 945
232 125 234 130
719 165 738 172
261 839 283 845
598 371 608 375
168 783 175 797
622 174 672 181
867 565 890 567
190 863 203 869
71 986 75 989
759 76 774 80
324 223 342 228
684 564 693 575
81 158 87 161
721 578 735 579
398 896 406 901
755 48 783 52
775 787 780 788
435 151 439 165
959 764 963 765
735 536 736 539
924 971 936 973
186 661 205 668
813 795 827 796
680 147 686 172
378 21 382 33
940 379 945 423
616 423 628 437
853 790 855 795
4 39 5 65
667 319 668 349
299 459 307 474
689 756 701 770
326 321 345 327
275 925 279 933
938 114 985 117
575 977 586 982
166 64 180 71
931 100 932 110
74 106 75 108
143 503 157 509
139 486 140 497
995 396 1000 445
734 395 735 415
54 52 55 82
230 551 259 552
261 143 264 154
540 132 543 148
890 811 895 815
215 546 229 558
888 262 890 269
591 557 608 559
511 229 522 230
715 650 718 685
206 755 210 795
193 11 200 15
859 563 862 568
143 688 155 691
788 562 793 565
378 929 390 932
597 438 646 440
319 145 339 150
658 953 665 954
903 296 913 307
812 610 813 617
834 70 859 73
990 416 994 420
68 667 73 668
969 960 970 969
768 658 770 698
831 94 837 111
696 641 697 645
681 858 701 859
525 917 548 925
163 843 190 847
18 250 30 254
391 724 392 758
793 732 801 736
684 641 686 680
166 768 170 781
674 630 682 646
357 373 402 375
169 708 171 710
708 716 712 752
848 885 852 907
774 165 780 187
397 666 403 673
497 348 545 349
960 438 964 441
936 839 944 845
635 71 641 76
290 233 309 242
318 501 330 510
301 262 308 263
337 78 347 88
507 796 509 807
178 869 196 871
174 432 197 434
673 734 674 742
636 54 640 65
946 851 969 852
659 80 673 89
434 474 437 501
834 131 837 148
917 444 921 445
72 140 73 175
373 812 375 829
178 250 179 253
858 760 859 795
361 263 407 265
538 748 558 751
188 726 197 730
394 876 396 897
406 890 416 895
545 177 556 184
814 908 816 946
748 271 765 281
699 633 706 641
36 885 49 890
377 493 381 503
817 932 819 956
870 629 912 635
240 545 249 546
103 538 106 558
954 266 961 285
700 774 710 786
470 26 478 40
236 660 244 661
122 324 141 326
362 932 363 955
878 515 883 518
937 766 951 768
441 94 448 102
624 743 626 760
771 416 779 439
910 944 911 953
991 982 994 998
809 108 811 128
757 368 779 370
289 223 307 228
376 279 408 280
372 380 404 386
49 590 60 593
204 272 217 275
768 720 791 724
465 518 482 523
90 809 95 810
736 619 753 629
848 250 849 266
751 785 759 815
82 620 84 663
425 76 426 81
388 344 389 347
72 717 88 725
968 111 969 112
952 649 964 652
809 700 813 704
867 805 871 852
426 797 438 805
374 779 381 783
899 58 911 69
139 367 140 371
861 20 862 21
43 420 50 429
882 446 886 482
784 996 814 998
644 892 649 893
298 569 299 592
245 850 255 855
338 277 352 295
907 855 925 864
127 401 132 408
82 84 84 105
299 149 318 150
968 992 979 1000
943 680 949 706
960 590 979 593
257 499 286 504
371 185 379 204
437 688 448 694
829 766 833 777
334 940 335 986
212 560 221 580
390 84 431 88
209 819 258 820
919 177 920 206
544 695 589 700
281 258 291 267
624 59 625 76
96 100 100 129
606 1 622 21
783 426 785 463
424 162 429 167
444 272 475 278
51 1 55 11
478 176 480 214
483 185 486 187
362 362 376 367
349 129 362 132
462 441 474 442
299 626 303 638
944 837 954 840
306 818 311 825
901 654 905 656
448 955 460 969
124 511 135 514
316 108 324 112
135 976 137 977
286 887 309 894
828 876 833 890
499 785 502 799
692 593 709 595
724 194 732 198
0 803 2 839
847 653 851 655
22 157 28 177
902 230 905 280
356 486 367 488
708 46 715 66
267 975 269 993
951 579 973 590
185 775 189 794
475 117 489 132
318 605 327 606
156 456 165 472
290 870 293 887
947 214 951 233
372 633 386 635
741 339 742 342
898 235 899 237
893 470 903 490
340 955 342 959
137 763 160 764
284 213 285 224
4 536 13 545
313 1 318 11
733 407 734 410
566 748 584 751
292 855 296 864
245 82 263 83
410 9 411 40
784 145 807 160
313 836 323 837
113 445 115 449
162 164 193 167
506 646 508 656
594 569 605 576
547 667 549 688
471 177 476 212
537 363 544 364
710 443 712 450
228 363 263 364
126 118 135 126
87 143 88 144
867 769 868 775
92 591 101 634
963 631 995 644
191 597 192 622
112 257 123 275
144 209 160 225
439 820 482 822
447 933 457 936
139 407 154 416
781 954 809 959
507 976 524 978
902 712 907 716
693 405 705 406
147 228 150 236
316 872 324 874
840 126 842 128
929 485 933 490
173 649 175 686
222 120 230 124
544 716 552 719
421 744 426 746
406 791 412 806
643 313 657 316
92 308 93 325
406 424 434 427
354 776 355 781
565 646 572 647
236 656 270 660
477 225 484 231
11 870 14 877
814 361 817 381
767 398 768 408
566 651 571 657
214 282 239 288
674 424 686 431
13 556 48 562
145 631 168 635
974 970 988 973
447 675 477 678
833 254 848 267
616 798 621 802
603 705 625 708
61 161 70 172
43 668 52 676
9 306 33 307
666 865 668 888
452 385 456 416
458 557 477 560
600 167 618 175
279 168 288 194
560 0 576 4
954 640 959 641
792 221 795 225
337 503 342 510
343 183 345 201
353 311 372 312
183 716 194 723
624 799 635 803
856 542 884 543
190 244 215 248
735 686 739 699
926 74 941 75
845 348 879 349
621 372 625 399
522 631 548 632
171 515 181 524
305 596 307 601
261 483 265 484
2 951 15 955
622 349 638 350
893 16 919 20
623 641 640 649
530 999 536 1000
595 437 600 438
890 172 906 175
362 245 373 251
871 785 877 786
914 834 917 843
519 850 536 865
816 553 833 554
860 487 867 502
25 880 31 881
201 182 211 183
329 788 334 823
45 984 69 985
894 425 898 448
485 192 489 193
336 16 339 26
733 349 751 351
448 376 477 380
922 348 930 353
940 593 946 607
642 815 646 837
273 977 275 996
263 159 293 162
526 566 534 576
373 118 375 123
510 614 516 617
463 763 479 781
363 6 384 9
893 571 902 575
257 692 269 698
104 461 113 473
918 30 923 42
804 896 830 900
214 830 216 861
406 400 410 404
312 815 315 823
500 445 509 451
356 966 358 990
223 0 253 12
866 264 887 280
651 504 652 533
822 815 823 828
910 11 918 14
162 745 163 760
111 98 116 114
179 4 208 9
652 828 654 833
200 559 233 560
875 374 879 381
12 648 14 662
716 257 717 294
440 535 453 539
895 754 911 757
452 222 463 231
952 211 955 248
473 925 484 928
7 45 9 86
58 444 70 452
467 708 486 714
868 585 869 586
142 531 145 535
215 341 221 342
449 209 450 230
416 155 419 164
879 679 925 680
6 819 11 825
870 592 878 595
535 602 536 605
715 151 717 176
238 835 244 838
393 337 395 355
388 609 398 620
858 124 879 131
163 512 178 513
632 121 641 125
534 58 536 87
556 479 581 482
906 516 916 533
416 942 438 944
112 309 130 310
926 556 938 563
606 349 616 350
499 870 503 873
473 877 476 890
345 134 362 136
443 167 448 168
343 819 370 829
521 649 522 666
84 649 85 687
799 438 801 449
819 754 829 771
124 657 129 659
283 465 298 466
649 427 657 428
964 934 965 970
23 862 56 866
148 358 151 381
688 540 692 564
377 88 378 95
743 360 761 368
516 600 519 604
64 466 78 467
573 54 574 64
739 606 747 617
937 630 968 631
474 482 484 485
103 689 121 690
536 552 544 554
774 404 775 407
637 310 639 321
215 0 218 19
316 51 325 55
119 295 142 300
646 241 669 242
769 726 782 741
36 143 63 147
316 64 321 69
47 235 48 247
44 494 46 512
11 604 18 634
800 386 812 395
841 790 845 798
60 871 64 877
211 162 213 176
602 161 610 167
912 703 942 705
123 694 137 702
716 353 752 356
501 381 505 385
786 851 795 864
275 363 276 387
98 768 99 776
670 589 676 594
81 753 88 769
623 137 632 138
537 719 540 737
863 985 877 987
792 423 816 425
610 153 620 157
217 159 228 160
749 404 755 411
649 775 677 778
375 81 423 82
32 641 60 642
33 884 35 890
702 584 721 585
343 12 350 60
59 109 60 122
790 696 798 712
963 409 965 419
533 297 559 299
222 739 223 743
898 702 912 706
571 466 576 467
439 816 487 817
329 128 340 129
733 415 745 417
133 582 162 583
40 333 41 356
478 414 481 424
485 624 502 628
356 52 357 77
113 611 117 614
334 581 335 607
504 390 507 400
230 265 238 275
723 732 724 765
661 490 663 521
760 164 764 181
66 381 88 387
165 769 166 787
466 945 495 946
851 940 852 960
601 187 608 194
459 733 476 734
140 766 142 770
821 711 837 713
996 137 1000 138
465 24 470 52
334 805 336 828
100 766 118 767
874 48 879 66
685 534 698 538
606 22 625 24
602 907 641 912
10 154 26 155
365 270 402 275
607 440 614 448
348 604 388 605
833 492 834 493
106 153 110 170
356 836 363 842
235 909 242 916
159 764 161 766
747 769 756 780
940 549 954 550
270 945 274 976
375 812 379 823
725 996 756 1000
295 961 296 976
51 223 59 229
115 815 124 817
22 340 28 343
193 488 195 523
458 351 463 358
695 813 700 818
603 196 604 210
37 434 40 451
825 664 829 684
615 576 629 579
92 727 98 758
818 498 819 548
627 959 634 986
249 191 253 207
617 46 619 48
113 459 114 489
602 214 622 215
941 916 947 941
191 102 193 117
930 784 942 786
670 110 672 118
162 531 169 554
995 235 1000 254
345 382 348 396
937 134 942 135
921 955 937 958
467 0 486 7
717 198 755 199
644 896 646 904
76 640 82 688
578 857 584 866
822 490 825 496
761 913 762 932
686 307 705 314
757 55 771 66
542 864 549 872
184 724 188 730
610 217 622 229
184 622 189 633
438 806 439 812
281 645 287 653
477 869 488 875
418 960 421 974
132 802 146 806
944 118 963 123
852 577 855 589
246 31 249 42
232 838 240 839
807 17 809 46
977 762 985 769
995 620 997 637
239 783 253 792
446 59 463 63
528 582 538 587
242 124 244 130
170 858 175 868
980 963 995 970
577 226 583 227
785 238 794 247
210 84 239 90
381 447 393 452
821 444 830 447
699 491 707 499
227 308 235 311
603 216 626 217
45 459 47 461
798 514 802 522
548 751 567 752
301 107 303 114
880 681 882 683
411 370 417 372
238 976 245 979
182 517 190 531
616 239 617 251
111 118 122 121
236 939 238 947
811 427 815 445
233 305 255 306
521 973 564 974
638 11 642 18
707 708 708 733
30 731 32 765
795 966 815 976
755 186 774 187
374 333 385 340
405 295 408 302
901 92 907 96
719 83 729 89
840 21 841 54
563 77 581 86
548 831 554 832
482 183 512 184
879 366 881 376
83 122 92 135
167 880 170 893
599 158 626 160
909 886 925 887
328 675 340 677
691 200 700 201
331 779 335 781
638 602 640 610
248 127 253 134
407 159 411 161
994 295 996 308
254 425 256 430
323 629 328 633
4 207 9 212
922 295 924 306
718 332 722 339
739 974 747 977
151 148 155 150
531 107 532 114
394 874 405 875
55 949 69 951
828 206 839 207
480 183 481 223
764 712 765 722
552 483 558 486
612 804 633 805
397 493 401 497
559 886 580 888
254 431 272 437
181 886 185 904
377 133 388 143
455 70 458 75
804 540 806 554
665 293 669 295
742 629 750 632
3 4 6 30
790 428 799 429
504 947 506 953
693 361 705 365
6 0 46 1
587 750 609 753
664 924 666 926
709 190 730 191
519 802 538 806
850 388 895 389
203 844 204 848
403 685 418 688
17 800 22 821
730 534 735 536
488 949 498 956
714 737 715 738
663 35 665 46
273 150 279 153
524 800 534 801
955 16 956 24
225 290 228 307
777 187 784 190
327 207 346 209
665 855 672 861
536 242 542 249
223 410 235 415
793 844 814 851
739 430 746 434
107 563 137 567
57 438 61 444
935 787 939 790
328 739 336 740
898 213 901 221
853 8 854 15
149 579 185 582
803 516 812 522
36 260 41 295
3 878 9 885
962 924 963 951
111 408 130 410
334 895 345 924
411 199 417 214
360 971 368 974
542 370 559 375
360 175 367 180
380 803 381 824
456 983 457 985
675 331 681 334
293 471 295 482
979 516 989 535
881 442 891 445
824 671 825 686
834 335 855 341
16 949 28 958
263 282 269 292
672 282 673 293
785 745 788 756
685 413 693 414
982 653 1000 654
660 660 664 690
389 481 396 485
243 147 246 158
805 900 815 906
750 652 755 663
303 548 305 591
133 781 148 785
267 856 284 858
622 225 630 228
309 26 317 27
241 99 242 145
28 165 29 170
567 339 574 347
538 664 547 671
338 998 352 999
66 93 71 97
911 682 918 688
0 927 1 943
422 430 426 445
592 462 596 472
942 331 948 335
36 741 43 755
639 713 643 743
2 874 5 877
489 457 490 459
217 336 237 341
9 574 16 576
373 376 401 378
563 371 593 387
883 363 888 367
179 98 188 100
312 979 330 981
178 248 180 250
424 952 425 954
848 907 855 908
982 165 985 170
490 409 500 421
752 694 753 704
734 33 740 44
553 701 588 702
0 857 2 898
225 977 228 979
44 797 47 821
944 433 945 440
854 955 855 973
762 666 768 689
166 799 172 802
16 396 26 397
494 871 495 885
512 791 513 834
517 807 527 811
522 463 526 470
371 101 373 110
488 302 494 306
209 214 214 240
775 689 783 694
450 598 457 602
622 599 632 610
817 851 822 857
36 959 53 966
281 195 290 197
227 597 235 640
417 513 435 520
924 865 934 866
937 379 940 410
111 650 113 656
219 946 223 954
910 321 917 323
353 709 354 731
385 365 394 367
586 78 591 85
233 771 236 777
564 57 566 67
440 609 449 611
486 40 495 43
111 0 125 1
321 783 322 805
143 6 159 12
925 434 939 435
208 447 212 456
663 195 701 200
330 718 348 723
517 912 522 932
313 936 345 937
394 388 414 390
775 133 778 142
985 452 996 455
2 651 3 658
94 359 105 363
137 571 138 579
291 829 294 839
866 164 908 171
664 843 688 848
598 565 602 568
290 267 295 270
400 139 405 141
459 363 460 364
957 92 958 96
92 143 99 150
952 155 959 166
197 782 198 789
245 844 249 846
504 713 509 732
425 580 430 591
432 902 434 908
656 111 661 119
948 54 951 69
77 46 95 47
126 156 130 162
712 593 720 612
337 450 347 454
692 799 696 809
337 591 387 592
256 168 259 191
751 721 752 730
169 461 176 462
69 373 71 379
506 331 507 336
418 461 426 464
197 559 198 561
981 232 982 234
830 680 837 682
969 257 972 288
714 616 717 620
680 243 684 252
465 874 472 891
546 910 560 911
383 275 384 276
863 470 874 479
88 69 93 70
70 431 72 446
203 589 209 595
183 655 200 659
730 701 734 702
307 328 313 331
616 366 632 372
750 10 767 11
59 392 68 403
436 248 450 253
747 634 754 646
423 48 438 50
182 820 222 825
471 56 474 69
509 791 511 800
313 361 322 374
991 53 998 58
706 305 708 310
980 168 982 218
293 443 295 460
729 542 741 545
607 46 608 64
76 151 78 185
960 154 964 165
669 636 671 659
452 554 455 559
460 368 498 369
354 338 361 349
993 562 995 599
322 364 331 375
858 796 866 797
228 202 233 242
501 274 503 278
60 374 69 381
122 196 128 226
635 128 638 132
226 942 231 952
318 718 320 725
67 802 83 805
419 460 425 461
391 420 406 426
186 167 192 187
68 865 72 874
417 457 421 459
446 825 449 845
319 126 320 135
236 593 245 605
893 555 903 561
288 29 326 36
223 704 227 705
613 597 616 600
697 303 710 305
165 73 167 87
122 9 129 22
103 309 111 333
8 399 19 406
25 88 34 89
483 61 485 69
135 885 163 886
496 222 516 224
424 897 470 900
752 497 758 500
321 827 332 836
264 818 281 822
571 604 616 607
561 225 576 227
137 386 151 390
617 949 639 951
458 920 473 921
465 362 481 364
630 659 635 665
283 768 294 779
14 871 18 876
837 760 842 763
373 259 408 260
506 964 507 973
151 952 157 972
141 97 162 99
630 311 636 313
259 506 265 509
198 584 208 588
424 755 441 760
665 686 682 688
367 402 368 443
246 87 272 90
783 854 784 858
251 976 262 979
252 23 254 36
690 619 697 630
515 739 516 764
766 15 778 16
309 643 318 647
945 285 956 288
873 995 878 996
45 784 61 786
244 252 275 253
37 152 59 153
308 581 318 596
587 133 608 135
132 859 140 866
846 587 850 612
962 679 966 710
942 85 967 86
610 723 624 724
361 605 370 614
197 324 203 328
531 115 536 123
914 798 927 801
52 244 61 256
28 18 32 42
837 73 857 74
186 872 192 885
865 143 874 145
278 353 280 387
589 351 625 353
859 260 866 269
761 577 764 580
286 607 288 609
817 602 821 618
278 625 287 627
705 15 714 35
617 945 667 948
397 636 410 638
37 795 38 799
233 558 235 579
10 191 14 199
580 5 605 8
378 887 379 922
434 140 439 145
375 158 377 167
462 303 465 310
460 323 481 331
678 948 680 981
756 828 757 847
43 828 48 849
741 32 748 41
839 404 843 420
103 254 129 255
521 763 546 765
292 50 305 53
663 580 666 617
469 237 473 250
980 723 982 759
234 840 237 848
352 64 354 89
852 429 859 439
